 1.98801
 0.3704372
 0.07253794
 0.4021149
 0.05591997
 0.6158704
 0.0765602
 0.8751629
 2.001296
 1.24325
 0.384643
 0.1464899
 1.483324
 0.7915144
 0.04114693
 0.7937439
 3.475774
 1.283869
 1.280469
 0.6321521
 1.756072
 0.3810887
 2.175598
 0.5872187
 0.2656069
 1.231455
 0.1325454
 0.6467298
 1.217798
 0.7154035
 0.723082
 1.961385
 1.477502
 0.247933
 1.776257
 0.6838838
 0.1090622
 0.5731844
 0.4346806
 1.637171
 0.6709228
 3.920111
 0.02704587
 0.9107042
 0.647491
 2.075527
 2.545513
 0.7278471
 0.5663111
 0.989109
 0.2229729
 0.4260362
 1.037134
 1.886592
 1.280757
 0.9838285
 0.6319127
 1.713745
 1.192721
 0.1489086
 0.2762647
 0.8010696
 0.03905315
 0.8161774
 0.03092442
 0.5487332
 0.8768459
 0.9655074
 2.729658
 0.1844524
 1.87554
 1.409145
 0.1951258
 3.12312
 0.3803606
 0.5258851
 1.617663
 1.805297
 3.602518
 0.6883257
 1.218905
 5.266318
 2.705337
 0.9633823
 1.369702
 1.671005
 0.02582129
 0.2894107
 0.3207826
 0.3954699
 1.117146
 2.366812
 0.09638036
 0.3925265
 0.1500433
 0.9683964
 0.8401735
 0.6267571
 0.3818093
 1.041011
 0.1025292
 0.01499264
 0.0270994
 0.06763582
 0.1042655
 0.03216524
 0.01085469
 0.02989035
 0.08221538
 0.02151928
 0.01501684
 0.05128302
 0.0252367
 0.0498348
 0.009957702
 0.01709267
 0.03836517
 0.006805163
 0.03411108
 0.01123891
 0.1312586
 0.04735272
 0.01627514
 0.001079305
 0.005504945